This line is a comment block.
This line is a comment block.
This line is a comment block.
This line is a comment block.
This line is a comment block.
This line is a comment block.
This line is a comment block.
b0f20f4c41b46d1516915413f56b1e26e157331b4a26f35e1c8827db60b98bf1 1 1 683 0
b8a5c751b70bfedf69f8cf0f2f8d56d7c68d11cb667b26c3d03d7919a7d849e4 1 1 408 0
64eb4df020d4959a07e88918a0e1da5422a6a88dbbf90ac1e08e120f9488a802 2 1 6 0
491ae5718036d06a31aa90cf642130c268bf61f069d6576876263ad6e54095e4 1 1 173 0
9513393ea8f22118bcfc1db2ff6ad6d4eb51c43194991b8fe5392df8c2ba955d 3 3 4852973 61
8640473b648c7428cf4c778296b0dc408adb54232f346c635c67e591e9b9c735 2 2 6051 118
30c52d9a4b80cf67ebeb48e77e21f633d88d57dd2290c9a38bfa8093217071a6 17 17 8771 346
d139ed8d993d00b94b2a25f605c7292db7b984e6de0ab4765a0b84d610f3fc4c 550 0 0 0
2919069e1f3e8d8a527505689aab2148dd9e612e1b85db703a1a5ad274d34a64 317 0 0 0
2a8008356b26cf012786e764ea0b7f5b137e98f4df8cd7003b26caf0d2bceaa4 14 14 1185 334
9c9c17d97de6d0248f00854dad29b315d833779b382ae5a62ba5d83f7e28228b 1 0 0 0
2f1f10d5f625b3ebba59ae6963204535f7d0d06c9c03e17d586f6161f6a2b9c0 23 23 16372 2134
7607f014aca2a116d8eada2298dc7e9aad0b2890bb608d0cd23620cc8b802319 9 6 13573 74
09c99ac76438098451c2a7ac1cce61600aa78061511461bdf63983d636504b51 4 4 97715 72
383f29f68483d7bd0a94c23e98796a4ac3edc0601d204d22a514ca10fad9579f 12 12 10988 111
17979df7fdaede986de601f18f2901d6df1df46f1bdc208a7c0c9b8643e512bc 43 43 14086 2659
22043f5b1b52ef5573c871fbd0b7a76e9d8c8832c164ae08ee18d29412c55125 8 8 14069 3387
d8debc936adc3eae65798c8e69248fb8dc20e33ce74dcd450c1a78be0d1d18c4 3 3 13159 267
c45baa6bc899a2aa0421299b223544adb3b1a02e1f98b69656c2aa69ee698bca 55 55 35988 7833
f7e6d219c3b7d5c9cb90206129963ad037a2c3a36fc4423b3118f510e7b40f59 8 0 0 0
4dbb9866647c80b2f37aa190e30cefff505799d9b01996037d84f580cd9f6690 0 0 0 0
480a73df98ea23b3c64e45371035b75feb420b81c1a867dd8648cb7973db5500 128 20 128768 382
28a810c6ea4b6ee3f2de90345b5b93dff94bc04a40c0c38568ba46a9298c41a9 6 5 8993 177
4c2f988558870cff18173987d0ea0f411af4a99fc41afb26a83687ed8b50eb21 44 6 1187 535
5409df6e4618c6967db5e630f74dde686dcb96d75157181a3ae69121ff203542 2 2 528 5
b0d0ac027fe1a5c07e07bf267421dd9886f82d96dc51c969377384a8a4077879 7 7 593355 1154
5079c93a4cdc15a1d817ce9fac766a40d0625acffa045a8bf119549631a19f29 11 3 251 35
6d29f48a1862608f13ad9e4309893ad94b8a0fff085cbf7c82d43aa10671335f 7 7 12062 124
c009c70341c7928c71394c8e58a9d2f159c2edc73085075dc1e1f3450712f267 32 32 12111 784
835c1715897738b4e83e56b388f5d86a06272c9b4de5f14c9343fe9455ce8573 36 36 66733 55133
29d5d633d0448d00dfcc0576d579ab493deb4cba716e286f0a776589e5bb7ffe 3 3 7066 820
2bc31aac27c727392669437a8d2ed21946ec25b8a3117cd60a1644a069fec4e2 27 20 3156 1454
9756ede12bf73c3aff71880f572659ddcbeccc894ea3a1e6d04cafe5bb7a22eb 3 3 7023 70
bfd4a84abb352e69a591a7424dff67af650470c69b2cf10fc2b7c61e1aa9d669 24 24 9762 1686
6b9b8facc968ccc633e073dc872484e81977936711dc08d9136955d34a69821e 6 6 7265 667
9bae86949a9192355724a3d8f965183aaff1c95bb73c3a2a7ba6327203707b53 10 10 13511 1233
b3a4a2c2a3fbc49d1207d24f21ac0fe21e32c4a7deef8d7e63ddb974dd74379c 19 19 7938 632
65c44628528c43b38b8efd0140c7e683b3f79e38cef73222ac0e45be68b24759 150 150 45068 12887
c867201ac7f81b80553471756be393f562b6c0df1a90920f1f70c4f1f863a285 4 4 6787 237
12502bd76f6568c596d6b673e11b2f2ebc10dc3f4b7aa530a28ab8d45754b039 50 50 36771 2687
788faaf3915a8b7f57d0c19c21596b16270151f16d892f089da15ef9ede4098c 15 12 13511 2583
e95e501597ee447ef6bfafc46312b509802be28549f69730fae0b23b8bc4ea45 37 37 14384 1542
d2d381676387cf84a9c25b8b53ff0cdc2512fa2927d90d98ffa4005c00992f1a 602 592 155100 54470
8d00fab8d67660ac83b81e7495fb5be342d58b02ba61b1e573b8ce0aa078e72e 93 93 27767 10239
cbbb074d9e70c8510dfad3de144b4cdc6896949a2e4e551f4401a6f65cbe10ed 7 7 9421 1369
ac0f99395f4f8ec0f62ccfafb34f8aeb2a33079aa3bd14586bcae92983fac72c 20 20 20077 1197
45f9d5fc074032a3dd11e2478388c46967283e0ca08cdfe8e7486224fd3c6282 353 353 94673 31252
c6604785b989edec6fd2c29c08c0e768d7d5e5ff5ba1b561f2abdcd9771029fa 8 8 24720 3198
71c89150554072312c8c8f0dfb905a9891aa4168318ee49261151a2eb17f6232 149 0 0 0
a71b243b76d0892283429b0159116dd7f1f420fea7626ce35c45ff834a6d75e1 19 19 23785 4794
02cc537faa027753af3b02ecd8477169c7ba4e44cdebbd8c3c060198c1ed2c89 88 0 0 0
d2bdf0369a4c9da7d4ae5817c96aa0838171408c5513bd2e07b6b10b9358d1e4 2 0 0 0
21f72f5093b00508789463c1882e9721f1a99a7f05335b4ca31e32b7d148a228 13 1 8 246
77b170568ffba66af5413dab5e91de8f29c759fc8db0f726a7cd70f8537c6cf2 53 53 22399 3680
66b5af31aec94093cbf252606c6fdd14d25b5ede158c85d55b724cf2f855670d 41 41 54823 18983
89bc0599bbb3dff7d1618c4a2b2e91d7a4c6e4d94bba1ff2c5f811011598098e 90 90 36587 8257
7f8a28f75d0e6f0ad0023ca1accabaf9139aab31d87a4f2d0b022a7f9455945a 1 1 193 0
9b7f24c0fd16ad02138eb89c48eda667ce24f0966eefe62215853868251d5ef5 1 1 3440 0
48c3775be13727c766e1b5df79501b3efe3a470b3a1062c0b634c1932033cc59 163 161 105025 28643
68779dcda3a7c7fc750f7e1fcb24eada115640ef14a7ca5be5e70774a691f8eb 1000 1000 1319 1035
22f3781217254aba01f8e063847b9626601b50582aadcdd28fe07b5ef199523f 2 2 2 0
99a0ec488bf3b8d807557eac618051c7d1ccaf54b58fd5ac9d63b3011c3fc43f 3 3 63199 24
e0884c8a741710723e2cd1c4dbbf8823979971f919690f9eb260dce918c8f5d3 1 1 8707 0
8dcfb7e4beca3750d8b6932e410c80d8c8300aa9e35675ad303ff49b72550fde 323 288 100011 69560
175b6815ae963c6fdf4a59fe76e1b0ea4ab381a1c573a1e68b22e9cb07e83089 10 10 4758 58
f6f4fb928c892cef344d4acc116672e2b315aab8f12750648fb00c874cd5c34b 1 1 3190 0
1508fec13abae22e5fb655b8135d01e62a5679cd1c8bc896c4937b7cc2dc8b24 2 2 3709 0
a60fd50103ba7ead3bab7e08c8405aeebf11811c74fb1dd9eb57fa074c5f2d46 3 3 3438 9
0b08a315b7c3eda0463a523ff233970be587afcafb33bf721435f7fb537b20a7 520 520 315338 68166
e6f4fa8c551037381cb6f63254ab21bc7b6878b39fc412a699ca192ffc2bae5b 4 4 10443 1958
fd13124e2adabf4a6ceb9698b1af5b2eae48f8384702fb294dfe986728e507cb 1 1 13979 0
26b6bb6613551f3ec4f6581f86e05e6222913e661d1b66112c2ab0136251e0dc 22 22 11363 1039
1674536db8894a665c25542e3aa03dfb7ca24085df87569625117a9554dbeb4c 423 1 104 85
c05d7e3d9e2e14a1dd64f681d07220d564b5d9e7e6a853fafb981842bf075cd2 2 2 3032 0
5465ba0f15bb3743b8697cf083f9cc9a682907ec2d7cc233b11a17baf68767ab 40 40 21322 7102
0f848bea9347424ba6e0231c4b4995ae9c9728bfbcdae5fef44bc718634dc5f8 1 1 5654 0
452943b521fbd132a517a52b35af47f5e87222ec35145c2077d74fc6e3a1cd36 21 21 8207 3090
274d4f856842b1657fc935720171e5edd98168b324c5e2a4c8f708a63253ae1d 2 2 4028 0
1a66733947fa86612b21d024ec51fc1962a2f82eeef7ba1237737326a405432c 15 15 98910 2250
0c46159ee3f86ba980f13d0536a8f1138b303f4d41f62652260249a3a890c921 7 7 2551 19
4033082a7e1493a695b1594f21e95b99cf896142daf37667516c59e4326e8f23 5 5 5826 134
a440a608001e8708bf82460213cb1fd9cd31ec386dfcc5531be57de9928e9a2c 26 26 530479 523015
da8b5c99e58d3ecc7517af7b34afd2a865d335657c22567f55c483485b4afe8d 61 61 23525 4986
ed0774c7826afb80924d58249e3f2693f6664df666834a511416f712cd2c787e 80670 4 284 21
068eb07b6b8efcbdbb6c635fb60bf4620f3b9663e830a0e96d3d5d3bb6b53512 10 10 3273 245
c22a90cff3e265cad5d6cd66a0553e36b607b377c6c492187ab1264804b0577f 43 35 20557 4693
d386f6896132fffca833010ade57f36ee15fe5636a66e5d6a3b6744d2da7820c 0 0 0 0
653fcd4870981bb4d31afacd591c573df51562d622788c0b511e58e30250c3fe 24 0 0 0
e17bfb7d2cabc052eb5717cc058358859117f27f041add1d4e5f1e4a5b6932d1 15 13 1975 931
